@@@ Acoustic log report, powered by DARTS (https://darts.citg.tudelft.nl/) @@@
@@@            Special edition for SPE GeoEnergy Hackathon 2021            @@@
Well name: E03
depth(m)	 transit time (micron/sec)
2027.9900	  234.568691
2028.4132	  232.559050
2028.8364	  222.612878
2029.2596	  236.378002
2029.6828	  229.244282
2030.1060	  228.218678
2030.5292	  227.546658
2030.9524	  227.783643
2031.3757	  231.619795
2031.7989	  227.592447
2032.2221	  234.150790
2032.6453	  229.402808
2033.0685	  233.220418
2033.4917	  231.266446
2033.9149	  243.244916
2034.3381	  247.488997
2034.7613	  252.238026
2035.1845	  236.865871
2035.6077	  243.708893
2036.0309	  238.929449
2036.4541	  234.904242
2036.8773	  244.202956
2037.3005	  239.585884
2037.7237	  244.701842
2038.1470	  242.208869
2038.5702	  239.542694
2038.9934	  246.394816
2039.4166	  246.867446
2039.8398	  237.427661
2040.2630	  240.137561
2040.6862	  242.358835
2041.1094	  240.791397
2041.5326	  245.959178
2041.9558	  245.897618
2042.3790	  245.767556
2042.8022	  238.606301
2043.2254	  237.119033
2043.6486	  244.456709
2044.0718	  237.996673
2044.4951	  234.228183
2044.9183	  255.690499
2045.3415	  244.190680
2045.7647	  238.963446
2046.1879	  239.058712
2046.6111	  241.863832
2047.0343	  244.855145
2047.4575	  241.968030
2047.8807	  254.376989
2048.3039	  252.108119
2048.7271	  246.540791
2049.1503	  249.913123
2049.5735	  251.630100
2049.9967	  241.703737
2050.4199	  248.380878
2050.8431	  248.606417
2051.2664	  248.346784
2051.6896	  249.769139
2052.1128	  244.015232
2052.5360	  250.646261
2052.9592	  242.753032
2053.3824	  245.147566
2053.8056	  243.870871
2054.2288	  242.370893
2054.6520	  249.317221
2055.0752	  246.970346
2055.4984	  254.572706
2055.9216	  244.080742
2056.3448	  242.240558
2056.7680	  243.658548
2057.1912	  241.139715
2057.6144	  239.222277
2058.0377	  243.976847
2058.4609	  243.409540
2058.8841	  240.163907
2059.3073	  243.499386
2059.7305	  249.642690
2060.1537	  240.254397
2060.5769	  243.779493
2061.0001	  250.045009
2061.4233	  241.163580
2061.8465	  241.648467
2062.2697	  243.792709
2062.6929	  251.351406
2063.1161	  245.739908
2063.5393	  247.983188
2063.9625	  241.433479
2064.3858	  246.934589
2064.8090	  248.913002
2065.2322	  245.035528
2065.6554	  241.848912
2066.0786	  253.149951
2066.5018	  243.886977
2066.9250	  257.225776
2067.3482	  252.062588
2067.7714	  245.496587
2068.1946	  250.085332
2068.6178	  253.738785
2069.0410	  249.161362
2069.4642	  245.347374
2069.8874	  247.036220
2070.3106	  248.401147
2070.7338	  246.841462
2071.1571	  250.968458
2071.5803	  244.839765
2072.0035	  251.280424
2072.4267	  258.247587
2072.8499	  255.949975
2073.2731	  255.483005
2073.6963	  252.376036
2074.1195	  259.313313
2074.5427	  245.533398
2074.9659	  245.714078
2075.3891	  254.566869
2075.8123	  253.010908
2076.2355	  252.068102
2076.6587	  249.896042
2077.0819	  245.211171
2077.5052	  256.227055
2077.9284	  246.444806
2078.3516	  216.695581
2078.7748	  210.418852
2079.1980	  220.335253
2079.6212	  217.613095
2080.0444	  213.898165
2080.4676	  211.018161
2080.8908	  212.491421
2081.3140	  215.861931
2081.7372	  211.035956
2082.1604	  214.505739
2082.5836	  215.789736
2083.0068	  209.629670
2083.4300	  212.560283
2083.8532	  208.990638
2084.2765	  218.364179
2084.6997	  216.341760
2085.1229	  211.798569
2085.5461	  207.125148
2085.9693	  206.641915
2086.3925	  209.443839
2086.8157	  209.280771
2087.2389	  213.992965
2087.6621	  205.503390
2088.0853	  216.092174
2088.5085	  210.757356
2088.9317	  216.263127
2089.3549	  255.201533
2089.7781	  254.781268
2090.2013	  253.160019
2090.6245	  250.189122
2091.0478	  253.176450
2091.4710	  249.084370
2091.8942	  247.218707
2092.3174	  246.094745
2092.7406	  253.022752
2093.1638	  251.226860
2093.5870	  253.740268
2094.0102	  252.675550
2094.4334	  260.757126
2094.8566	  252.735522
2095.2798	  253.979775
2095.7030	  252.637268
2096.1262	  247.343440
2096.5494	  259.230964
2096.9726	  252.745321
2097.3959	  250.189783
2097.8191	  248.781118
2098.2423	  259.297573
2098.6655	  254.239191
2099.0887	  252.913679
2099.5119	  252.363484
2099.9351	  249.772164
2100.3583	  238.816535
2100.7815	  224.185574
2101.2047	  238.551052
2101.6279	  233.401227
2102.0511	  235.811835
2102.4743	  234.622715
2102.8975	  232.326125
2103.3207	  237.629677
2103.7439	  230.506365
2104.1672	  234.234984
2104.5904	  239.251830
2105.0136	  238.048843
2105.4368	  239.899131
2105.8600	  235.654738
2106.2832	  237.298132
2106.7064	  233.307699
2107.1296	  239.011144
2107.5528	  237.666256
2107.9760	  232.583979
2108.3992	  237.333610
2108.8224	  240.333174
2109.2456	  234.219490
2109.6688	  238.229974
2110.0920	  246.735027
2110.5153	  232.174650
2110.9385	  235.464207
2111.3617	  236.363486
2111.7849	  246.896653
2112.2081	  246.650661
2112.6313	  251.581641
2113.0545	  240.751470
2113.4777	  247.365132
2113.9009	  245.714899
2114.3241	  241.927367
2114.7473	  239.468226
2115.1705	  242.532886
2115.5937	  239.769261
2116.0169	  247.741165
2116.4401	  236.601524
2116.8633	  252.743627
2117.2866	  240.241259
2117.7098	  238.959047
2118.1330	  252.281725
2118.5562	  244.697962
2118.9794	  240.415457
2119.4026	  239.885852
2119.8258	  248.374871
2120.2490	  243.428135
2120.6722	  245.755111
2121.0954	  246.827677
2121.5186	  240.884126
2121.9418	  246.468199
2122.3650	  248.645543
2122.7882	  255.137400
2123.2114	  260.014921
2123.6346	  262.866226
2124.0579	  258.075943
2124.4811	  258.175517
2124.9043	  258.056005
2125.3275	  262.062000
2125.7507	  259.356131
2126.1739	  257.888192
2126.5971	  251.291472
2127.0203	  259.880903
2127.4435	  258.667772
2127.8667	  252.634818
2128.2899	  249.346546
2128.7131	  252.412945
2129.1363	  256.710459
2129.5595	  258.159298
2129.9827	  254.008589
2130.4060	  250.355668
2130.8292	  262.071875
2131.2524	  263.859531
2131.6756	  265.246019
2132.0988	  263.217216
2132.5220	  255.160865
2132.9452	  259.609864
2133.3684	  260.347803
2133.7916	  248.416420
2134.2148	  249.394220
2134.6380	  235.737377
2135.0612	  246.813052
2135.4844	  242.674170
2135.9076	  240.559995
2136.3308	  244.750705
2136.7540	  251.294118
2137.1773	  253.234146
2137.6005	  241.205726
2138.0237	  239.797959
2138.4469	  239.273933
2138.8701	  245.581855
2139.2933	  232.324251
2139.7165	  248.727202
2140.1397	  244.085034
2140.5629	  243.404065
2140.9861	  245.869115
2141.4093	  251.249299
2141.8325	  237.777603
2142.2557	  243.746436
2142.6789	  245.702354
2143.1021	  253.129619
2143.5254	  245.137769
2143.9486	  247.361728
2144.3718	  258.671831
2144.7950	  241.638132
2145.2182	  247.236921
2145.6414	  246.086155
2146.0646	  241.636682
2146.4878	  244.212290
2146.9110	  245.042949
2147.3342	  243.323932
2147.7574	  250.072218
2148.1806	  243.267751
2148.6038	  244.554037
2149.0270	  244.905906
2149.4502	  257.172476
2149.8734	  240.536800
2150.2967	  245.583537
2150.7199	  246.204774
2151.1431	  239.603022
2151.5663	  241.373950
2151.9895	  251.749256
2152.4127	  248.509323
2152.8359	  250.252568
2153.2591	  246.132929
2153.6823	  247.270660
2154.1055	  242.842888
2154.5287	  242.856437
2154.9519	  252.825599
2155.3751	  249.100288
2155.7983	  254.451913
2156.2215	  272.472395
2156.6447	  278.806963
2157.0680	  270.957922
2157.4912	  264.070976
2157.9144	  273.142083
2158.3376	  273.993987
2158.7608	  273.900136
2159.1840	  270.323944
2159.6072	  275.570536
2160.0304	  268.765382
2160.4536	  269.124890
2160.8768	  273.775074
2161.3000	  277.249968
2161.7232	  268.046648
2162.1464	  270.286651
2162.5696	  278.393415
2162.9928	  267.770801
2163.4161	  277.750314
2163.8393	  275.621415
2164.2625	  264.375013
2164.6857	  270.790366
2165.1089	  277.477968
2165.5321	  274.979253
2165.9553	  270.641743
2166.3785	  274.545031
2166.8017	  269.942861
2167.2249	  250.073280
2167.6481	  250.101956
2168.0713	  252.966003
2168.4945	  253.294329
2168.9177	  260.499175
2169.3409	  252.165545
2169.7641	  252.628793
2170.1874	  244.844136
2170.6106	  248.567691
2171.0338	  251.847181
2171.4570	  253.182600
2171.8802	  249.269644
2172.3034	  262.286536
2172.7266	  255.007072
2173.1498	  261.137654
2173.5730	  252.574332
2173.9962	  253.302402
2174.4194	  250.870194
2174.8426	  251.883185
2175.2658	  248.462156
2175.6890	  255.167465
2176.1122	  254.635629
2176.5355	  254.966281
2176.9587	  253.197688
2177.3819	  246.779642
2177.8051	  255.918110
2178.2283	  222.702696
2178.6515	  217.674536
2179.0747	  222.637852
2179.4979	  211.991545
2179.9211	  217.418619
2180.3443	  217.581125
2180.7675	  220.151842
2181.1907	  219.248218
2181.6139	  221.174004
2182.0371	  230.511136
2182.4603	  227.816926
2182.8835	  223.619476
2183.3068	  223.568301
2183.7300	  220.200616
2184.1532	  222.170566
2184.5764	  221.290042
2184.9996	  225.342746
2185.4228	  218.609294
2185.8460	  214.752195
2186.2692	  222.442398
2186.6924	  217.216000
2187.1156	  219.261218
2187.5388	  222.713301
2187.9620	  223.084054
2188.3852	  218.982079
2188.8084	  223.437152
2189.2316	  242.439934
2189.6548	  234.381854
2190.0781	  245.190740
2190.5013	  244.593321
2190.9245	  242.413825
2191.3477	  239.154229
2191.7709	  237.164317
2192.1941	  244.867828
2192.6173	  241.955372
2193.0405	  242.812067
2193.4637	  238.680952
2193.8869	  248.558775
2194.3101	  244.382829
2194.7333	  248.119031
2195.1565	  238.005671
2195.5797	  235.108988
2196.0029	  244.868491
2196.4262	  238.796754
2196.8494	  236.195599
2197.2726	  243.830717
2197.6958	  241.506622
2198.1190	  244.675501
2198.5422	  240.041179
2198.9654	  240.495548
2199.3886	  240.181209
2199.8118	  245.900816
2200.2350	  248.110746
2200.6582	  239.562757
2201.0814	  238.919052
2201.5046	  231.398826
2201.9278	  231.783535
2202.3510	  231.417540
2202.7742	  237.115744
2203.1975	  233.505634
2203.6207	  233.676484
2204.0439	  235.771294
2204.4671	  238.087116
2204.8903	  232.633151
2205.3135	  236.669449
2205.7367	  236.576949
2206.1599	  234.473264
2206.5831	  232.772524
2207.0063	  235.410502
2207.4295	  226.719507
2207.8527	  238.151675
2208.2759	  233.937607
2208.6991	  232.460500
2209.1223	  231.317336
2209.5456	  233.148682
2209.9688	  234.201851
2210.3920	  238.140376
2210.8152	  231.673839
2211.2384	  232.646782
2211.6616	  243.048689
2212.0848	  237.214187
2212.5080	  234.450717
2212.9312	  237.481450
2213.3544	  239.861625
2213.7776	  232.113835
2214.2008	  239.235992
2214.6240	  237.283426
2215.0472	  234.601097
2215.4704	  245.634011
2215.8936	  235.346517
2216.3169	  234.463257
2216.7401	  236.623066
2217.1633	  247.633864
2217.5865	  236.270335
2218.0097	  238.454295
2218.4329	  235.169993
2218.8561	  239.364365
2219.2793	  234.569728
2219.7025	  245.131278
2220.1257	  245.928345
2220.5489	  246.577595
2220.9721	  240.120719
2221.3953	  235.990550
2221.8185	  237.420578
2222.2417	  243.167248
2222.6649	  243.194292
2223.0882	  242.031352
2223.5114	  241.205003
2223.9346	  236.346692
2224.3578	  247.952529
2224.7810	  243.814185
2225.2042	  251.916392
2225.6274	  239.541187
2226.0506	  244.617384
2226.4738	  245.547198
2226.8970	  251.079927
2227.3202	  243.808049
2227.7434	  248.814043
2228.1666	  248.816269
2228.5898	  238.844041
2229.0130	  246.356274
2229.4363	  245.583184
2229.8595	  239.748309
2230.2827	  251.719563
2230.7059	  245.763333
2231.1291	  241.266418
2231.5523	  241.202635
2231.9755	  246.956198
2232.3987	  243.074919
2232.8219	  246.492820
2233.2451	  248.425699
2233.6683	  238.877004
2234.0915	  238.231151
2234.5147	  234.669047
2234.9379	  245.441975
2235.3611	  237.628882
2235.7843	  233.105163
2236.2076	  239.782318
2236.6308	  235.242878
2237.0540	  238.193285
2237.4772	  240.630747
2237.9004	  245.151925
2238.3236	  241.430363
2238.7468	  235.993863
2239.1700	  235.854277
