@@@ Acoustic log report, powered by DARTS (https://darts.citg.tudelft.nl/) @@@
@@@            Special edition for SPE GeoEnergy Hackathon 2021            @@@
Well name: E01
depth(m)	 transit time (micron/sec)
2308.8300	  237.915924
2308.9439	  237.084505
2309.0579	  235.747799
2309.1718	  238.900018
2309.2858	  234.965882
2309.3997	  234.157954
2309.5137	  235.977894
2309.6276	  231.651935
2309.7416	  238.551898
2309.8555	  233.600526
2309.9695	  243.042489
2310.0834	  237.969178
2310.1974	  242.993058
2310.3113	  238.016594
2310.4253	  241.800181
2310.5392	  245.907713
2310.6532	  243.976259
2310.7671	  242.216015
2310.8811	  245.649077
2310.9950	  237.706443
2311.1090	  245.591439
2311.2229	  241.395439
2311.3369	  243.159701
2311.4508	  242.724931
2311.5647	  238.149845
2311.6787	  238.080156
2311.7926	  249.072067
2311.9066	  235.018762
2312.0205	  239.675422
2312.1345	  232.501914
2312.2484	  242.764880
2312.3624	  243.837437
2312.4763	  243.470450
2312.5903	  241.474514
2312.7042	  238.894360
2312.8182	  242.740183
2312.9321	  244.450765
2313.0461	  246.083972
2313.1600	  245.203252
2313.2740	  232.709154
2313.3879	  201.728874
2313.5019	  209.478630
2313.6158	  195.324999
2313.7298	  205.237780
2313.8437	  199.826340
2313.9577	  199.243331
2314.0716	  201.863333
2314.1856	  206.787756
2314.2995	  195.917501
2314.4134	  200.104361
2314.5274	  199.506219
2314.6413	  204.135315
2314.7553	  205.549506
2314.8692	  201.012614
2314.9832	  198.627144
2315.0971	  203.431742
2315.2111	  207.055832
2315.3250	  192.699903
2315.4390	  198.470598
2315.5529	  199.230909
2315.6669	  203.482389
2315.7808	  197.998211
2315.8948	  200.639114
2316.0087	  199.372890
2316.1227	  194.405453
2316.2366	  200.331635
2316.3506	  201.928152
2316.4645	  205.414246
2316.5785	  209.999502
2316.6924	  195.665929
2316.8064	  196.241603
2316.9203	  207.214240
2317.0342	  201.908181
2317.1482	  209.385621
2317.2621	  195.188871
2317.3761	  195.521738
2317.4900	  205.533481
2317.6040	  199.913791
2317.7179	  198.517334
2317.8319	  204.399635
2317.9458	  202.137481
2318.0598	  196.393795
2318.1737	  204.223981
2318.2877	  202.231044
2318.4016	  200.064533
2318.5156	  202.904695
2318.6295	  202.600020
2318.7435	  202.758536
2318.8574	  199.772485
2318.9714	  209.504454
2319.0853	  199.625269
2319.1993	  202.685354
2319.3132	  240.154174
2319.4272	  232.772401
2319.5411	  233.814985
2319.6551	  238.009342
2319.7690	  237.367612
2319.8829	  240.657074
2319.9969	  243.131984
2320.1108	  241.641792
2320.2248	  231.503371
2320.3387	  237.393224
2320.4527	  240.459942
2320.5666	  230.480767
2320.6806	  242.039629
2320.7945	  238.658456
2320.9085	  236.610715
2321.0224	  237.401629
2321.1364	  238.200247
2321.2503	  238.567973
2321.3643	  234.929467
2321.4782	  239.816672
2321.5922	  237.865061
2321.7061	  234.062716
2321.8201	  239.955890
2321.9340	  243.630157
2322.0480	  234.608926
2322.1619	  231.567360
2322.2759	  233.343071
2322.3898	  205.639163
2322.5037	  221.974386
2322.6177	  206.594314
2322.7316	  210.341154
2322.8456	  206.068250
2322.9595	  215.912314
2323.0735	  203.381141
2323.1874	  205.404188
2323.3014	  207.725246
2323.4153	  206.291453
2323.5293	  210.742516
2323.6432	  209.297383
2323.7572	  207.126718
2323.8711	  212.632591
2323.9851	  209.013018
2324.0990	  213.849090
2324.2130	  200.727301
2324.3269	  202.343018
2324.4409	  207.999091
2324.5548	  200.790800
2324.6688	  206.023203
2324.7827	  215.129942
2324.8967	  210.375928
2325.0106	  211.932397
2325.1245	  203.366374
2325.2385	  214.132188
2325.3524	  254.168166
2325.4664	  251.445641
2325.5803	  247.225974
2325.6943	  254.909756
2325.8082	  244.893697
2325.9222	  253.751201
2326.0361	  250.391643
2326.1501	  248.444105
2326.2640	  253.840451
2326.3780	  248.848716
2326.4919	  243.147163
2326.6059	  247.672516
2326.7198	  248.644743
2326.8338	  251.741554
2326.9477	  252.867498
2327.0617	  248.804502
2327.1756	  242.755697
2327.2896	  253.271443
2327.4035	  247.705073
2327.5175	  250.571917
2327.6314	  241.768706
2327.7454	  246.582769
2327.8593	  245.170717
2327.9732	  250.225148
2328.0872	  248.032226
2328.2011	  257.237289
2328.3151	  252.742565
2328.4290	  244.352841
2328.5430	  252.762524
2328.6569	  245.719255
2328.7709	  247.890220
2328.8848	  251.655252
2328.9988	  250.559544
2329.1127	  255.592531
2329.2267	  253.409767
2329.3406	  253.937952
2329.4546	  248.236207
2329.5685	  254.644323
2329.6825	  248.580041
2329.7964	  253.554109
2329.9104	  246.653734
2330.0243	  255.069470
2330.1383	  252.280850
2330.2522	  248.194372
2330.3662	  247.665566
2330.4801	  250.306955
2330.5940	  245.173576
2330.7080	  253.527466
2330.8219	  248.661885
2330.9359	  252.870055
2331.0498	  246.368108
2331.1638	  255.401395
2331.2777	  248.568428
2331.3917	  250.515864
2331.5056	  249.386101
2331.6196	  249.987866
2331.7335	  256.047309
2331.8475	  252.011339
2331.9614	  255.450874
2332.0754	  249.786743
2332.1893	  262.271319
2332.3033	  252.129492
2332.4172	  258.371728
2332.5312	  244.795974
2332.6451	  250.907285
2332.7591	  247.130074
2332.8730	  250.037949
2332.9870	  256.696478
2333.1009	  255.727109
2333.2148	  251.232763
2333.3288	  253.152078
2333.4427	  250.419789
2333.5567	  261.521928
2333.6706	  253.869159
2333.7846	  253.123916
2333.8985	  246.159349
2334.0125	  251.412836
2334.1264	  260.257419
2334.2404	  245.807602
2334.3543	  279.188765
2334.4683	  276.161022
2334.5822	  269.878924
2334.6962	  274.118170
2334.8101	  276.487629
2334.9241	  271.737404
2335.0380	  271.363189
2335.1520	  263.174271
2335.2659	  268.479487
2335.3799	  268.897368
2335.4938	  267.019806
2335.6078	  270.109024
2335.7217	  263.042934
2335.8357	  271.203092
2335.9496	  272.047544
2336.0635	  264.106161
2336.1775	  270.491423
2336.2914	  273.750092
2336.4054	  271.772888
2336.5193	  265.836580
2336.6333	  269.979976
2336.7472	  266.864649
2336.8612	  271.448829
2336.9751	  268.472815
2337.0891	  272.345620
2337.2030	  278.505368
2337.3170	  251.911702
2337.4309	  248.830650
2337.5449	  255.508443
2337.6588	  247.065488
2337.7728	  251.072830
2337.8867	  240.817541
2338.0007	  251.958080
2338.1146	  256.337758
2338.2286	  249.195859
2338.3425	  250.648337
2338.4565	  253.329254
2338.5704	  248.782714
2338.6843	  247.905051
2338.7983	  253.813270
2338.9122	  248.601573
2339.0262	  252.792999
2339.1401	  246.605114
2339.2541	  250.426261
2339.3680	  250.054471
2339.4820	  242.059966
2339.5959	  252.927529
2339.7099	  240.699723
2339.8238	  251.852100
2339.9378	  252.996264
2340.0517	  252.759934
2340.1657	  246.547432
2340.2796	  239.622932
2340.3936	  244.596557
2340.5075	  241.421562
2340.6215	  244.175614
2340.7354	  238.656099
2340.8494	  234.470587
2340.9633	  239.288939
2341.0773	  247.977306
2341.1912	  238.016283
2341.3052	  241.821120
2341.4191	  247.344432
2341.5330	  239.393349
2341.6470	  242.819323
2341.7609	  240.347833
2341.8749	  240.715298
2341.9888	  236.518003
2342.1028	  241.345519
2342.2167	  239.763145
2342.3307	  239.912365
2342.4446	  237.889093
2342.5586	  243.070216
2342.6725	  234.346237
2342.7865	  244.868668
2342.9004	  244.116551
2343.0144	  244.696109
2343.1283	  239.234558
2343.2423	  236.779404
2343.3562	  269.297007
2343.4702	  269.231649
2343.5841	  269.191075
2343.6981	  270.619210
2343.8120	  263.647824
2343.9260	  267.158188
2344.0399	  262.948939
2344.1538	  266.141102
2344.2678	  264.824779
2344.3817	  270.042362
2344.4957	  273.941310
2344.6096	  267.256191
2344.7236	  272.822659
2344.8375	  267.091561
2344.9515	  269.382389
2345.0654	  262.886290
2345.1794	  264.351663
2345.2933	  268.350644
2345.4073	  264.974170
2345.5212	  264.391755
2345.6352	  268.102831
2345.7491	  261.803201
2345.8631	  263.798759
2345.9770	  270.156713
2346.0910	  260.029753
2346.2049	  263.001182
2346.3189	  246.232718
2346.4328	  252.393853
2346.5468	  244.802836
2346.6607	  240.068021
2346.7746	  252.663398
2346.8886	  251.562816
2347.0025	  249.531429
2347.1165	  249.139787
2347.2304	  243.609558
2347.3444	  246.654472
2347.4583	  256.385604
2347.5723	  245.785072
2347.6862	  246.172877
2347.8002	  244.691523
2347.9141	  245.857240
2348.0281	  256.181829
2348.1420	  246.461831
2348.2560	  250.205265
2348.3699	  254.221669
2348.4839	  247.945569
2348.5978	  254.359286
2348.7118	  248.843858
2348.8257	  235.324620
2348.9397	  243.141355
2349.0536	  254.217746
2349.1676	  256.363610
2349.2815	  192.701127
2349.3955	  190.053027
2349.5094	  179.726306
2349.6233	  190.344016
2349.7373	  191.352528
2349.8512	  189.144825
2349.9652	  192.700619
2350.0791	  198.423485
2350.1931	  189.884628
2350.3070	  189.968934
2350.4210	  195.846829
2350.5349	  198.162452
2350.6489	  193.025555
2350.7628	  191.382640
2350.8768	  189.421998
2350.9907	  195.319606
2351.1047	  190.694988
2351.2186	  197.296291
2351.3326	  191.194695
2351.4465	  194.906505
2351.5605	  196.582171
2351.6744	  190.649909
2351.7884	  195.617668
2351.9023	  198.874124
2352.0163	  190.780687
2352.1302	  192.880203
2352.2441	  273.925449
2352.3581	  255.144546
2352.4720	  266.197677
2352.5860	  273.014816
2352.6999	  265.188981
2352.8139	  264.254167
2352.9278	  278.252806
2353.0418	  268.774170
2353.1557	  270.418327
2353.2697	  269.764439
2353.3836	  268.416299
2353.4976	  270.284775
2353.6115	  268.129242
2353.7255	  262.462302
2353.8394	  271.457619
2353.9534	  271.902085
2354.0673	  265.757026
2354.1813	  272.633644
2354.2952	  275.758004
2354.4092	  269.755729
2354.5231	  273.142254
2354.6371	  270.621728
2354.7510	  265.909381
2354.8649	  268.731227
2354.9789	  276.022092
2355.0928	  264.912378
2355.2068	  265.934574
2355.3207	  198.538162
2355.4347	  200.383087
2355.5486	  198.240469
2355.6626	  205.558012
2355.7765	  207.945796
2355.8905	  201.881630
2356.0044	  202.354221
2356.1184	  202.677720
2356.2323	  199.017851
2356.3463	  204.136503
2356.4602	  209.925219
2356.5742	  202.000913
2356.6881	  197.730074
2356.8021	  209.818354
2356.9160	  197.735844
2357.0300	  199.942621
2357.1439	  207.213948
2357.2579	  196.947189
2357.3718	  200.912292
2357.4858	  200.566731
2357.5997	  208.110533
2357.7136	  203.196702
2357.8276	  204.373932
2357.9415	  202.514172
2358.0555	  205.150589
2358.1694	  205.941663
2358.2834	  268.082714
2358.3973	  271.882690
2358.5113	  276.596742
2358.6252	  270.846067
2358.7392	  274.495616
2358.8531	  267.953117
2358.9671	  280.331394
2359.0810	  276.741371
2359.1950	  270.645634
2359.3089	  267.335928
2359.4229	  270.432548
2359.5368	  280.152287
2359.6508	  273.431640
2359.7647	  270.062464
2359.8787	  270.529538
2359.9926	  274.972878
2360.1066	  273.533406
2360.2205	  271.557542
2360.3344	  271.209476
2360.4484	  280.805029
2360.5623	  278.837286
2360.6763	  265.961469
2360.7902	  271.034177
2360.9042	  272.578630
2361.0181	  272.163801
2361.1321	  267.394359
2361.2460	  243.703026
2361.3600	  239.312464
2361.4739	  244.068067
2361.5879	  242.649041
2361.7018	  235.236490
2361.8158	  242.362237
2361.9297	  243.207132
2362.0437	  235.918703
2362.1576	  237.851438
2362.2716	  238.492379
2362.3855	  238.350109
2362.4995	  239.449656
2362.6134	  236.262832
2362.7274	  246.303982
2362.8413	  234.383185
2362.9553	  239.394615
2363.0692	  228.819447
2363.1831	  236.513661
2363.2971	  236.712939
2363.4110	  234.723833
2363.5250	  228.705143
2363.6389	  231.983766
2363.7529	  237.598471
2363.8668	  234.005529
2363.9808	  242.146914
2364.0947	  238.433073
2364.2087	  248.653730
2364.3226	  249.925662
2364.4366	  249.027261
2364.5505	  249.357063
2364.6645	  246.890347
2364.7784	  246.752917
2364.8924	  245.860080
2365.0063	  247.432961
2365.1203	  246.332481
2365.2342	  256.239437
2365.3482	  243.974429
2365.4621	  241.061295
2365.5761	  256.065609
2365.6900	  248.348535
